Topic                          L1 L2 L3 L4 L5  missing
Архитектура                     0  0  0  1  0  1,2,3,5
Город                           1  0  0  0  0  2,3,4,5
Дом и быт                       5  3  3  1  0  5
Еда и кулинария                 4  3  2  0  0  4,5
Журналистика                    0  1  1  0  0  1,4,5
История                         0  1  1  0  0  1,4,5
Культура и искусство            0  6  4  2  1  1
Лингвистика                     9  1  2  1  3  -
Медицина                        3  2  1  0  0  4,5
Наука                           0  2  3  5  0  1,5
Образование                     3  1  2  1  0  5
Одежда                          2  1  1  0  0  4,5
Повседневная жизнь              4  2  0  0  0  3,4,5
Политика                        0  2  5  3  0  1,5
Право                           0  1  1  0  0  1,4,5
Природа и экология              5  4  4  0  0  4,5
Психология                      0  4  4  2  1  1
Путешествия                     1  2  0  0  0  3,4,5
Работа и карьера                2  4  0  2  0  3,5
Семья                           1  0  0  0  0  2,3,4,5
Спорт                           2  2  0  0  0  3,4,5
Технологии                      1  5  1  1  0  5
Транспорт                       1  2  1  0  0  4,5
Философия                       0  0  2  4  3  1,2
Финансы                         0  3  2  1  0  1,5
